Year	Month	Day	Water_level
2011	7	30	133.7
2011	7	31	134
2011	8	1	135
2011	8	2	135.5
2011	8	3	136.5
2011	8	4	136.6
2011	8	5	136.6
2011	8	6	137.4
2011	8	7	137.4
2011	8	8	138.2
2011	8	9	138.1
2011	8	10	138.2
2011	8	11	138
2011	8	12	137.8
2011	8	13	137.8
2011	8	14	137.5
2011	8	15	137.6
2011	8	16	137.7
2011	8	17	137.6
2011	8	18	138
2011	8	19	138.18
2011	8	20	137.9
2011	8	21	137.8
2011	8	22	137.4
2011	8	23	137.7
2011	8	24	137.75
2011	8	25	137.6
2011	8	26	137.3
2011	8	27	137.3
2011	8	28	137.5
2011	8	29	137.1
2011	8	30	137.1
2011	8	31	137.4
2011	9	1	137.4
2011	9	2	137.6
2011	9	3	137.7
2011	9	4	138
2011	9	5	138.3
2011	9	6	138.1
2011	9	7	138.19
2011	9	8	138.35
2011	9	9	138.35
2011	9	10	138.7
2011	9	11	138.4
2011	9	12	138.5
2011	9	13	138.8
2011	9	14	138.7
2011	9	15	138.9
2011	9	16	139.1
2011	9	17	139.2
2011	9	18	139.4
2011	9	19	139.5
2011	9	20	139.7
2011	9	21	139.7
2011	9	22	139.9
2011	9	23	140
2011	9	24	140
2011	9	25	140.2
2011	9	26	140
2011	9	27	140.2
2011	9	28	140.15
2011	9	29	140.2
2011	9	30	140.2
2011	10	1	140.2
2011	10	2	140.2
2011	10	3	140.2
2011	10	4	140.2
2011	10	5	140.1
2011	10	6	140.2
2011	10	7	140.2
2011	10	8	140.3
2011	10	9	140.3
2011	10	10	140.1
2011	10	11	140.2
2011	10	12	140.2
2011	10	13	140.2
2011	10	14	140.1
2011	10	15	140.2
2011	10	16	140.4
2011	10	17	140.4
2011	10	18	140.2
2011	10	19	140.2
2011	10	20	140.15
2011	10	21	139.8
2011	10	22	139.7
2011	10	23	139.4
2011	10	24	139.8
2011	10	25	139.7
2011	10	26	139.6
2011	10	27	140.2
2011	10	28	140
2011	10	29	140
2011	10	30	139.7
2011	10	31	139.8
2011	11	1	139.6
2011	11	2	139.3
2011	11	3	139.1
2011	11	4	139
2011	11	5	139
2011	11	6	139.4
2011	11	7	139
2011	11	8	139.1
2011	11	9	139.1
2011	11	10	139.3
2011	11	11	138.9
2011	11	12	138.8
2011	11	13	139
2011	11	14	138.5
2011	11	15	138.6
2011	11	16	139
2011	11	17	138.6
2011	11	18	138
2011	11	19	138.1
2011	11	20	140
2011	11	21	140.2
2011	11	22	139.8
2011	11	23	139.6
2011	11	24	139.1
2011	11	25	139.01
2011	11	26	138.7
2011	11	27	138.3
2011	11	28	138.1
2011	11	29	137.9
2011	11	30	137.85
2011	12	1	138.2
2011	12	2	138.2
2011	12	3	138.65
2011	12	4	138.7
2011	12	5	139
2011	12	6	138.7
2011	12	7	139.4
2011	12	8	138.8
2011	12	9	139
2011	12	10	139.4
2011	12	11	139.3
2011	12	12	139.4
2011	12	13	139.8
2011	12	14	139.7
2011	12	15	140
2011	12	16	140
2011	12	17	140.1
2011	12	18	140.4
2011	12	19	140
2011	12	20	140.05
2011	12	21	140
2011	12	22	140.35
2011	12	23	140.5
2011	12	24	140.6
2011	12	25	140.5
2011	12	26	140.7
2011	12	27	140.8
2011	12	28	140.8
2011	12	29	140.7
2011	12	30	140.8
2011	12	31	140.8
2012	1	1	140.7
2012	1	2	140.8
2012	1	3	140.8
2012	1	4	140.8
2012	1	5	140.8
2012	1	6	140.7
2012	1	7	141
2012	1	8	140.8
2012	1	9	140.8
2012	1	10	140.8
2012	1	11	140.9
2012	1	12	140.6
2012	1	13	140.6
2012	1	14	140.4
2012	1	15	140.4
2012	1	16	140.4
2012	1	17	140.2
2012	1	18	140.2
2012	1	19	140.6
2012	1	20	140.3
2012	1	21	141.5
2012	1	22	142.2
2012	1	23	142.7
2012	1	24	143.5
2012	1	25	144
2012	1	26	144.8
2012	1	27	145
2012	1	28	145.8
2012	1	29	146.6
2012	1	30	147
2012	1	31	147.8
2012	2	1	148.6
2012	2	2	151.2
2012	2	3	152.1
2012	2	4	153
2012	2	5	154.2
2012	2	6	154.8
2012	2	7	155.6
2012	2	8	156.4
2012	2	9	157
2012	2	10	157.6
2012	2	11	158
2012	2	12	158.8
2012	2	13	159.4
2012	2	14	160
2012	2	15	160.7
2012	2	16	161.4
2012	2	17	162.1
2012	2	18	162.7
2012	2	19	163.2
2012	2	20	163.6
2012	2	21	164.12
2012	2	22	164.41
2012	2	23	164.61
2012	2	24	164.84
2012	2	25	165.2
2012	2	26	166.01
2012	2	27	166.33
2012	2	28	166.5
2012	2	29	166.82
2012	3	1	167.05
2012	3	2	167.24
2012	3	3	167.5
2012	3	4	167.73
2012	3	5	168.01
2012	3	6	168.22
2012	3	7	168.46
2012	3	8	168.99
2012	3	9	169.42
2012	3	10	170
2012	3	11	170.6
2012	3	12	170.99
2012	3	13	171.26
2012	3	14	171.59
2012	3	15	171.75
2012	3	16	171.85
2012	3	17	171
2012	3	18	172.3
2012	3	19	172.49
2012	3	20	173.1
2012	3	21	173.5
2012	3	22	173.68
2012	3	23	173.8
2012	3	24	174.29
2012	3	25	174.81
2012	3	26	175
2012	3	27	175.37
2012	3	28	175.64
2012	3	29	175.75
2012	3	30	176
2012	3	31	176.32
2012	4	1	176.57
2012	4	2	176.78
2012	4	3	177.03
2012	4	4	177.33
2012	4	5	177.58
2012	4	6	177.78
2012	4	7	178.03
2012	4	8	178.28
2012	4	9	178.63
2012	4	10	179.05
2012	4	11	179.54
2012	4	12	180.08
2012	4	13	180.57
2012	4	14	181.13
2012	4	15	181.67
2012	4	16	182.2
2012	4	17	182.65
2012	4	18	183.14
2012	4	19	183.75
2012	4	20	184.14
2012	4	21	184.61
2012	4	22	185.02
2012	4	23	185.13
2012	4	24	185.09
2012	4	25	185.1
2012	4	26	185.09
2012	4	27	185.12
2012	4	28	185.16
2012	4	29	185.12
2012	4	30	185.19
2012	5	1	185.28
2012	5	2	185.3
2012	5	3	185.29
2012	5	4	185.3
2012	5	5	185.33
2012	5	6	185.3
2012	5	7	185.32
2012	5	8	185.35
2012	5	9	185.4
2012	5	10	185.53
2012	5	11	185.52
2012	5	12	185.52
2012	5	13	185.58
2012	5	14	185.63
2012	5	15	185.6
2012	5	16	185.76
2012	5	17	185.76
2012	5	18	185.72
2012	5	19	185.65
2012	5	20	185.65
2012	5	21	185.43
2012	5	22	185.4
2012	5	23	185.3
2012	5	24	185.34
2012	5	25	185.34
2012	5	26	185.51
2012	5	27	185.33
2012	5	28	185.21
2012	5	29	185.14
2012	5	30	185.16
2012	5	31	185.22
2012	6	1	185.23
2012	6	2	185.32
2012	6	3	185.27
2012	6	4	185.39
2012	6	5	185.5
2012	6	6	185.6
2012	6	7	185.65
2012	6	8	185.64
2012	6	9	185.67
2012	6	10	185.65
2012	6	11	185.67
2012	6	12	185.65
2012	6	13	185.71
2012	6	14	185.69
2012	6	15	185.63
2012	6	16	185.68
2012	6	17	185.72
2012	6	18	185.66
2012	6	19	185.67
2012	6	20	185.61
2012	6	21	185.7
2012	6	22	185.68
2012	6	23	185.81
2012	6	24	185.89
2012	6	25	185.75
2012	6	26	185.8
2012	6	27	185.77
2012	6	28	185.71
2012	6	29	185.65
2012	6	30	185.68
2012	7	1	185.6
2012	7	2	185.59
2012	7	3	185.66
2012	7	4	185.82
2012	7	5	185.72
2012	7	6	185.81
2012	7	7	185.87
2012	7	8	185.85
2012	7	9	185.9
2012	7	10	185.93
2012	7	11	186.01
2012	7	12	186.13
2012	7	13	186.05
2012	7	14	186.14
2012	7	15	186.1
2012	7	16	186.23
2012	7	17	186.32
2012	7	18	186.42
2012	7	19	186.57
2012	7	20	186.66
2012	7	21	187.04
2012	7	22	187.38
2012	7	23	187.64
2012	7	24	187.79
2012	7	25	187.94
2012	7	26	187.95
2012	7	27	188.08
2012	7	28	188.15
2012	7	29	188.18
2012	7	30	188.19
2012	7	31	188.32
2012	8	1	188.45
2012	8	2	188.55
2012	8	3	188.61
2012	8	4	188.93
2012	8	5	189.19
2012	8	6	189.41
2012	8	7	189.53
2012	8	8	189.66
2012	8	9	189.69
2012	8	10	189.66
2012	8	11	189.85
2012	8	12	190.07
2012	8	13	190.33
2012	8	14	190.43
2012	8	15	190.49
2012	8	16	190.66
2012	8	17	190.72
2012	8	18	190.82
2012	8	19	190.74
2012	8	20	190.83
2012	8	21	190.89
2012	8	22	190.99
2012	8	23	191.08
2012	8	24	190.99
2012	8	25	190.95
2012	8	26	190.92
2012	8	27	190.95
2012	8	28	190.95
2012	8	29	191.11
2012	8	30	191.11
2012	8	31	191.05
2012	9	1	191.18
2012	9	2	191.15
2012	9	3	190.91
2012	9	4	190.78
2012	9	5	190.84
2012	9	6	190.92
2012	9	7	190.87
2012	9	8	191.14
2012	9	9	191.14
2012	9	10	191.23
2012	9	11	191.24
2012	9	12	191.19
2012	9	13	191.19
2012	9	14	191.18
2012	9	15	191.21
2012	9	16	191.17
2012	9	17	191.23
2012	9	18	191.36
2012	9	19	191.4
2012	9	20	191.38
2012	9	21	191.34
2012	9	22	191.35
2012	9	23	191.43
2012	9	24	191.26
2012	9	25	191.26
2012	9	26	191.32
2012	9	27	191.33
2012	9	28	191.31
2012	9	29	191.35
2012	9	30	191.4
2012	10	1	191.39
2012	10	2	191.45
2012	10	3	191.5
2012	10	4	191.5
2012	10	5	191.43
2012	10	6	191.47
2012	10	7	191.47
2012	10	8	191.59
2012	10	9	191.49
2012	10	10	191.48
2012	10	11	191.49
2012	10	12	191.46
2012	10	13	191.46
2012	10	14	191.42
2012	10	15	191.42
2012	10	16	191.43
2012	10	17	191.46
2012	10	18	191.45
2012	10	19	191.38
2012	10	20	191.51
2012	10	21	191.55
2012	10	22	191.45
2012	10	23	191.46
2012	10	24	191.53
2012	10	25	191.54
2012	10	26	191.55
2012	10	27	191.54
2012	10	28	191.63
2012	10	29	191.65
2012	10	30	191.68
2012	10	31	191.65
2012	11	1	191.65
2012	11	2	191.72
2012	11	3	191.7
2012	11	4	191.68
2012	11	5	191.69
2012	11	6	191.68
2012	11	7	191.71
2012	11	8	191.73
2012	11	9	191.77
2012	11	10	191.79
2012	11	11	191.84
2012	11	12	191.8
2012	11	13	191.9
2012	11	14	192.26
2012	11	15	192.23
2012	11	16	192.27
2012	11	17	192.27
2012	11	18	192.33
2012	11	19	192.3
2012	11	20	192.28
2012	11	21	192.45
2012	11	22	192.46
2012	11	23	192.5
2012	11	24	193.28
2012	11	25	194.03
2012	11	26	194.72
2012	11	27	194.82
2012	11	28	194.94
2012	11	29	194.92
2012	11	30	194.96
2012	12	1	194.94
2012	12	2	194.84
2012	12	3	194.82
2012	12	4	194.88
2012	12	5	195.05
2012	12	6	195.3
2012	12	7	195.31
2012	12	8	195.42
2012	12	9	195.43
2012	12	10	195.39
2012	12	11	195.77
2012	12	12	195.97
2012	12	13	195.81
2012	12	14	195.54
2012	12	15	195.42
2012	12	16	195.41
2012	12	17	195.32
2012	12	18	195.29
2012	12	19	195.28
2012	12	20	195.14
2012	12	21	196.18
2012	12	22	195.7
2012	12	23	195.67
2012	12	24	195.67
2012	12	25	196
2012	12	26	196.4
2012	12	27	196.47
2012	12	28	196.34
2012	12	29	196.4
2012	12	30	196.38
2012	12	31	196.33
2013	1	1	196.3
2013	1	2	196.22
2013	1	3	196.17
2013	1	4	196.11
2013	1	5	195.64
2013	1	6	195.47
2013	1	7	195.36
2013	1	8	195.4
2013	1	9	195.41
2013	1	10	195.39
2013	1	11	195.43
2013	1	12	195.47
2013	1	13	195.45
2013	1	14	195.42
2013	1	15	195.46
2013	1	16	195.45
2013	1	17	195.52
2013	1	18	195.52
2013	1	19	195.57
2013	1	20	195.58
2013	1	21	195.57
2013	1	22	195.54
2013	1	23	195.56
2013	1	24	195.57
2013	1	25	195.56
2013	1	26	195.6
2013	1	27	195.6
2013	1	28	195.52
2013	1	29	196.3
2013	1	30	196.94
2013	1	31	197.13
2013	2	1	197.14
2013	2	2	196.88
2013	2	3	196.82
2013	2	4	196.78
2013	2	5	196.77
2013	2	6	196.8
2013	2	7	196.81
2013	2	8	196.91
2013	2	9	196.95
2013	2	10	196.9
2013	2	11	196.94
2013	2	12	196.92
2013	2	13	196.9
2013	2	14	196.95
2013	2	15	196.95
2013	2	16	196.97
2013	2	17	196.98
2013	2	18	196.97
2013	2	19	196.99
2013	2	20	196.96
2013	2	21	196.96
2013	2	22	196.94
2013	2	23	196.98
2013	2	24	196.95
2013	2	25	196.91
2013	2	26	196.93
2013	2	27	196.92
2013	2	28	196.84
2013	3	1	196.86
2013	3	2	196.87
2013	3	3	196.85
2013	3	4	196.83
2013	3	5	196.76
2013	3	6	196.72
2013	3	7	196.78
2013	3	8	196.8
2013	3	9	196.89
2013	3	10	196.86
2013	3	11	196.88
2013	3	12	196.84
2013	3	13	196.91
2013	3	14	196.93
2013	3	15	196.94
2013	3	16	196.96
2013	3	17	196.97
2013	3	18	196.98
2013	3	19	196.93
2013	3	20	196.91
2013	3	21	197.01
2013	3	22	197.06
2013	3	23	197.06
2013	3	24	197.03
2013	3	25	196.85
2013	3	26	196.99
2013	3	27	197.03
2013	3	28	197.11
2013	3	29	197.18
2013	3	30	197.12
2013	3	31	197.21
2013	4	1	197.14
2013	4	2	197.12
2013	4	3	197.12
2013	4	4	197.11
2013	4	5	197.05
2013	4	6	197.15
2013	4	7	197.05
2013	4	8	197.15
2013	4	9	197.05
2013	4	10	196.94
2013	4	11	196.85
2013	4	12	196.81
2013	4	13	196.73
2013	4	14	196.74
2013	4	15	196.66
2013	4	16	196.6
2013	4	17	196.65
2013	4	18	196.71
2013	4	19	196.56
2013	4	20	196.59
2013	4	21	196.58
2013	4	22	196.52
2013	4	23	196.59
2013	4	24	196.68
2013	4	25	196.5
2013	4	26	196.74
2013	4	27	196.88
2013	4	28	196.95
2013	4	29	197
2013	4	30	197.02
2013	5	1	197.07
2013	5	2	197.03
2013	5	3	197.22
2013	5	4	197.42
2013	5	5	197.59
2013	5	6	197.6
2013	5	7	197.56
2013	5	8	197.52
2013	5	9	197.56
2013	5	10	197.5
2013	5	11	197.48
2013	5	12	197.44
2013	5	13	197.34
2013	5	14	197.34
2013	5	15	197.38
2013	5	16	197.39
2013	5	17	197.4
2013	5	18	197.42
2013	5	19	197.45
2013	5	20	197.51
2013	5	21	197.52
2013	5	22	197.57
2013	5	23	197.6
2013	5	24	197.66
2013	5	25	197.71
2013	5	26	197.69
2013	5	27	197.67
2013	5	28	197.72
2013	5	29	197.71
2013	5	30	197.73
2013	5	31	197.73
2013	6	1	197.76
2013	6	2	197.76
2013	6	3	197.78
2013	6	4	197.76
2013	6	5	197.72
2013	6	6	197.78
2013	6	7	197.77
2013	6	8	197.88
2013	6	9	197.87
2013	6	10	197.85
2013	6	11	197.87
2013	6	12	197.95
2013	6	13	198
2013	6	14	198.05
2013	6	15	198.24
2013	6	16	198.34
2013	6	17	198.4
2013	6	18	198.42
2013	6	19	198.45
2013	6	20	198.49
2013	6	21	198.54
2013	6	22	198.65
2013	6	23	198.66
2013	6	24	198.72
2013	6	25	198.75
2013	6	26	198.81
2013	6	27	198.85
2013	6	28	198.95
2013	6	29	198.96
2013	6	30	199.03
2013	7	1	199.01
2013	7	2	199.11
2013	7	3	199.13
2013	7	4	199.14
2013	7	5	199.17
2013	7	6	199.28
2013	7	7	199.27
2013	7	8	199.33
2013	7	9	199.39
2013	7	10	199.43
2013	7	11	199.45
2013	7	12	199.6
2013	7	13	199.7
2013	7	14	199.85
2013	7	15	200.04
2013	7	16	200.24
2013	7	17	200.59
2013	7	18	200.77
2013	7	19	200.72
2013	7	20	200.55
2013	7	21	201.15
2013	7	22	201.4
2013	7	23	201.58
2013	7	24	201.84
2013	7	25	202.12
2013	7	26	202.16
2013	7	27	202.27
2013	7	28	202.51
2013	7	29	202.63
2013	7	30	202.51
2013	7	31	202.68
2013	8	1	202.92
2013	8	2	202.97
2013	8	3	203.04
2013	8	4	203.12
2013	8	5	203.19
2013	8	6	203.21
2013	8	7	203.13
2013	8	8	203.13
2013	8	9	203.11
2013	8	10	203.05
2013	8	11	202.99
2013	8	12	202.95
2013	8	13	202.91
2013	8	14	202.84
2013	8	15	202.91
2013	8	16	202.9
2013	8	17	203.15
2013	8	18	203.47
2013	8	19	203.74
2013	8	20	203.91
2013	8	21	203.84
2013	8	22	203.82
2013	8	23	203.77
2013	8	24	203.91
2013	8	25	203.99
2013	8	26	204.09
2013	8	27	204.2
2013	8	28	204.18
2013	8	29	204.13
2013	8	30	204.02
2013	8	31	204.06
2013	9	1	204.07
2013	9	2	204
2013	9	3	204.15
2013	9	4	204.6
2013	9	5	204.49
2013	9	6	204.66
2013	9	7	204.91
2013	9	8	204.96
2013	9	9	204.89
2013	9	10	204.85
2013	9	11	204.84
2013	9	12	204.71
2013	9	13	204.52
2013	9	14	204.54
2013	9	15	204.53
2013	9	16	204.55
2013	9	17	204.6
2013	9	18	204.7
2013	9	19	204.61
2013	9	20	204.51
2013	9	21	204.58
2013	9	22	204.79
2013	9	23	204.81
2013	9	24	204.79
2013	9	25	204.72
2013	9	26	204.73
2013	9	27	204.6
2013	9	28	204.55
2013	9	29	204.56
2013	9	30	204.57
2013	10	1	204.51
2013	10	2	204.54
2013	10	3	204.57
2013	10	4	204.51
2013	10	5	204.5
2013	10	6	204.46
2013	10	7	204.55
2013	10	8	204.46
2013	10	9	204.5
2013	10	10	204.54
2013	10	11	204.58
2013	10	12	204.55
2013	10	13	204.55
2013	10	14	204.48
2013	10	15	204.53
2013	10	16	204.53
2013	10	17	204.51
2013	10	18	204.5
2013	10	19	204.49
2013	10	20	204.5
2013	10	21	204.48
2013	10	22	204.48
2013	10	23	204.49
2013	10	24	204.48
2013	10	25	204.43
2013	10	26	204.45
2013	10	27	204.5
2013	10	28	204.55
2013	10	29	204.54
2013	10	30	204.48
2013	10	31	204.49
2013	11	1	204.5
2013	11	2	204.51
2013	11	3	204.53
2013	11	4	204.45
2013	11	5	204.44
2013	11	6	204.42
2013	11	7	204.39
2013	11	8	204.36
2013	11	9	204.34
2013	11	10	204.35
2013	11	11	204.35
2013	11	12	204.33
2013	11	13	204.38
2013	11	14	204.37
2013	11	15	204.4
2013	11	16	204.35
2013	11	17	204.31
2013	11	18	204.3
2013	11	19	204.31
2013	11	20	204.35
2013	11	21	204.39
2013	11	22	204.42
2013	11	23	204.42
2013	11	24	204.37
2013	11	25	204.33
2013	11	26	204.31
2013	11	27	204.26
2013	11	28	204.26
2013	11	29	204.24
2013	11	30	204.21
2013	12	1	204.2
2013	12	2	204.14
2013	12	3	204.1
2013	12	4	204.13
2013	12	5	204.14
2013	12	6	204.12
2013	12	7	204.09
2013	12	8	204.06
2013	12	9	204
2013	12	10	204.18
2013	12	11	204.2
2013	12	12	204.23
2013	12	13	205.26
2013	12	14	205.28
2013	12	15	205.02
2013	12	16	204.9
2013	12	17	204.8
2013	12	18	204.79
2013	12	19	204.81
2013	12	20	204.75
2013	12	21	204.75
2013	12	22	204.81
2013	12	23	204.76
2013	12	24	204.84
2013	12	25	204.83
2013	12	26	204.81
2013	12	27	204.83
2013	12	28	204.82
2013	12	29	204.81
2013	12	30	204.84
2013	12	31	204.82
2014	1	1	204.8
2014	1	2	204.9
2014	1	3	204.87
2014	1	4	204.9
2014	1	5	205
2014	1	6	205
2014	1	7	204.98
2014	1	8	204.96
2014	1	9	204.95
2014	1	10	204.93
2014	1	11	205.26
2014	1	12	205.49
2014	1	13	205.53
2014	1	14	205.55
2014	1	15	205.63
2014	1	16	205.66
2014	1	17	205.68
2014	1	18	206.11
2014	1	19	206.14
2014	1	20	206.21
2014	1	21	206.25
2014	1	22	206.26
2014	1	23	206.4
2014	1	24	206.49
2014	1	25	206.51
2014	1	26	206.49
2014	1	27	206.49
2014	1	28	206.53
2014	1	29	206.56
2014	1	30	206.59
2014	1	31	206.65
2014	2	1	206.78
2014	2	2	206.78
2014	2	3	206.83
2014	2	4	206.93
2014	2	5	206.94
2014	2	6	206.96
2014	2	7	206.97
2014	2	8	207.02
2014	2	9	207.04
2014	2	10	207.07
2014	2	11	207.07
2014	2	12	207.16
2014	2	13	207.18
2014	2	14	207.21
2014	2	15	207.28
2014	2	16	207.21
2014	2	17	207.22
2014	2	18	207.17
2014	2	19	207.13
2014	2	20	207.13
2014	2	21	207.1
2014	2	22	207.14
2014	2	23	207.16
2014	2	24	207.06
2014	2	25	207.04
2014	2	26	206.98
2014	2	27	206.93
2014	2	28	206.93
2014	3	1	206.92
2014	3	2	206.84
2014	3	3	206.83
2014	3	4	206.79
2014	3	5	206.79
2014	3	6	206.78
2014	3	7	206.73
2014	3	8	206.74
2014	3	9	206.69
2014	3	10	206.68
2014	3	11	206.88
2014	3	12	207.49
2014	3	13	207.78
2014	3	14	207.92
2014	3	15	208.31
2014	3	16	208.76
2014	3	17	208.9
2014	3	18	209.09
2014	3	19	209.17
2014	3	20	209.23
2014	3	21	209.25
2014	3	22	209.33
2014	3	23	209.35
2014	3	24	209.42
2014	3	25	209.47
2014	3	26	209.4
2014	3	27	209.34
2014	3	28	209.28
2014	3	29	209.22
2014	3	30	209.18
2014	3	31	209.05
2014	4	1	208.97
2014	4	2	208.93
2014	4	3	209.48
2014	4	4	209.55
2014	4	5	209.56
2014	4	6	209.46
2014	4	7	209.42
2014	4	8	209.37
2014	4	9	209.3
2014	4	10	209.37
2014	4	11	209.33
2014	4	12	209.32
2014	4	13	209.32
2014	4	14	209.15
2014	4	15	209.05
2014	4	16	208.96
2014	4	17	208.86
2014	4	18	208.81
2014	4	19	208.79
2014	4	20	208.74
2014	4	21	208.67
2014	4	22	208.69
2014	4	23	208.58
2014	4	24	208.48
2014	4	25	208.39
2014	4	26	208.3
2014	4	27	208.21
2014	4	28	208.1
2014	4	29	208.01
2014	4	30	207.89
2014	5	1	207.76
2014	5	2	207.68
2014	5	3	207.6
2014	5	4	207.5
2014	5	5	207.3
2014	5	6	207.15
2014	5	7	207.02
2014	5	8	206.88
2014	5	9	206.75
2014	5	10	206.59
2014	5	11	206.38
2014	5	12	206.23
2014	5	13	206.06
2014	5	14	205.91
2014	5	15	205.77
2014	5	16	205.57
2014	5	17	205.43
2014	5	18	205.34
2014	5	19	205.22
2014	5	20	205.13
2014	5	21	204.97
2014	5	22	204.89
2014	5	23	204.69
2014	5	24	204.73
2014	5	25	204.78
2014	5	26	205.07
2014	5	27	205.38
2014	5	28	205.72
2014	5	29	206.19
2014	5	30	206.26
2014	5	31	206.81
2014	6	1	207.18
2014	6	2	207.56
2014	6	3	207.77
2014	6	4	207.75
2014	6	5	207.65
2014	6	6	207.75
2014	6	7	208.04
2014	6	8	208.38
2014	6	9	208.83
2014	6	10	209.38
2014	6	11	209.82
2014	6	12	210.3
2014	6	13	210.56
2014	6	14	210.77
2014	6	15	210.82
2014	6	16	210.92
2014	6	17	211.01
2014	6	18	211.2
2014	6	19	211.5
2014	6	20	211.58
2014	6	21	211.75
2014	6	22	212.03
2014	6	23	212.33
2014	6	24	212.47
2014	6	25	212.52
2014	6	26	212.52
2014	6	27	212.36
2014	6	28	212.47
2014	6	29	212.62
2014	6	30	212.91
2014	7	1	213.18
2014	7	2	213.25
2014	7	3	213.34
2014	7	4	213.2
2014	7	5	213.38
2014	7	6	213.55
2014	7	7	213.88
2014	7	8	214.11
2014	7	9	214.15
2014	7	10	214.13
2014	7	11	214.02
2014	7	12	214.24
2014	7	13	214.71
2014	7	14	215
2014	7	15	215.29
2014	7	16	215.58
2014	7	17	215.94
2014	7	18	216.22
2014	7	19	216.23
2014	7	20	216.57
2014	7	21	216.81
2014	7	22	217.08
2014	7	23	217.2
2014	7	24	217.29
2014	7	25	217.43
2014	7	26	217.75
2014	7	27	218.04
2014	7	28	218.1
2014	7	29	217.97
2014	7	30	217.88
2014	7	31	217.91
2014	8	1	217.87
2014	8	2	218.08
2014	8	3	218.36
2014	8	4	218.58
2014	8	5	218.73
2014	8	6	219.04
2014	8	7	219.21
2014	8	8	219.15
2014	8	9	219.31
2014	8	10	219.63
2014	8	11	219.9
2014	8	12	220.22
2014	8	13	220.51
2014	8	14	220.79
2014	8	15	220.78
2014	8	16	221.01
2014	8	17	221.11
2014	8	18	221.21
2014	8	19	221.45
2014	8	20	221.63
2014	8	21	221.69
2014	8	22	221.46
2014	8	23	221.59
2014	8	24	221.77
2014	8	25	222.01
2014	8	26	222.25
2014	8	27	222.82
2014	8	28	222.64
2014	8	29	222.48
2014	8	30	222.62
2014	8	31	222.7
2014	9	1	222.8
2014	9	2	222.91
2014	9	3	223.07
2014	9	4	223.28
2014	9	5	223.11
2014	9	6	223.17
2014	9	7	223.22
2014	9	8	223.27
2014	9	9	223.42
2014	9	10	223.39
2014	9	11	223.36
2014	9	12	223.23
2014	9	13	223.14
2014	9	14	223.11
2014	9	15	223.04
2014	9	16	222.96
2014	9	17	222.83
2014	9	18	222.67
2014	9	19	222.46
2014	9	20	222.38
2014	9	21	222.27
2014	9	22	222.24
2014	9	23	222.09
2014	9	24	222.02
2014	9	25	221.87
2014	9	26	221.66
2014	9	27	221.46
2014	9	28	221.26
2014	9	29	221.14
2014	9	30	220.89
2014	10	1	220.64
2014	10	2	220.53
2014	10	3	220.34
2014	10	4	220.14
2014	10	5	219.91
2014	10	6	219.7
2014	10	7	219.49
2014	10	8	219.24
2014	10	9	219.05
2014	10	10	219.06
2014	10	11	218.7
2014	10	12	218.52
2014	10	13	218.17
2014	10	14	218.16
2014	10	15	217.98
2014	10	16	217.73
2014	10	17	217.51
2014	10	18	217.34
2014	10	19	217.16
2014	10	20	217.69
2014	10	21	216.98
2014	10	22	216.81
2014	10	23	216.68
2014	10	24	216.52
2014	10	25	216.38
2014	10	26	216.25
2014	10	27	216.14
2014	10	28	215.97
2014	10	29	215.91
2014	10	30	215.83
2014	10	31	215.77
2014	11	1	215.69
2014	11	2	215.62
2014	11	3	215.46
2014	11	4	215.28
2014	11	5	215.25
2014	11	6	215.16
2014	11	7	215.03
2014	11	8	214.89
2014	11	9	214.79
2014	11	10	214.7
2014	11	11	214.58
2014	11	12	214.46
2014	11	13	214.32
2014	11	14	214.18
2014	11	15	214.08
2014	11	16	213.96
2014	11	17	213.81
2014	11	18	213.73
2014	11	19	213.57
2014	11	20	213.45
2014	11	21	213.31
2014	11	22	213.17
2014	11	23	213.04
2014	11	24	213.08
2014	11	25	213.45
2014	11	26	213.74
2014	11	27	213.71
2014	11	28	213.59
2014	11	29	213.51
2014	11	30	213.45
2014	12	1	213.37
2014	12	2	213.3
2014	12	3	213.23
2014	12	4	213.2
2014	12	5	213.09
2014	12	6	213.08
2014	12	7	213.03
2014	12	8	212.98
2014	12	9	212.89
2014	12	10	212.78
2014	12	11	212.68
2014	12	12	212.52
2014	12	13	212.35
2014	12	14	212.21
2014	12	15	212.06
2014	12	16	211.93
2014	12	17	211.83
2014	12	18	211.72
2014	12	19	211.59
2014	12	20	211.36
2014	12	21	211.53
2014	12	22	211.25
2014	12	23	211.11
2014	12	24	211.05
2014	12	25	210.98
2014	12	26	210.87
2014	12	27	210.84
2014	12	28	210.79
2014	12	29	210.73
2014	12	30	210.67
2014	12	31	210.61
2015	1	1	210.53
2015	1	2	210.41
2015	1	3	210.33
2015	1	4	210.18
2015	1	5	210
2015	1	6	209.88
2015	1	7	209.73
2015	1	8	209.59
2015	1	9	209.4
2015	1	10	209.3
2015	1	11	209.23
2015	1	12	209.11
2015	1	13	209.06
2015	1	14	208.94
2015	1	15	208.82
2015	1	16	208.64
2015	1	17	208.49
2015	1	18	208.32
2015	1	19	208.2
2015	1	20	208.09
2015	1	21	207.93
2015	1	22	207.82
2015	1	23	207.64
2015	1	24	207.52
2015	1	25	207.8
2015	1	26	207.18
2015	1	27	206.99
2015	1	28	206.77
2015	1	29	206.58
2015	1	30	206.39
2015	1	31	206.21
2015	2	1	205.98
2015	2	2	205.78
2015	2	3	205.5
2015	2	4	205.29
2015	2	5	205.03
2015	2	6	204.8
2015	2	7	204.64
2015	2	8	204.41
2015	2	9	204.2
2015	2	10	204
2015	2	11	203.79
2015	2	12	203.55
2015	2	13	203.34
2015	2	14	203.23
2015	2	15	202.98
2015	2	16	202.73
2015	2	17	202.47
2015	2	18	202.3
2015	2	19	202.1
2015	2	20	201.99
2015	2	21	201.86
2015	2	22	201.83
2015	2	23	201.75
2015	2	24	201.65
2015	2	25	201.56
2015	2	26	201.43
2015	2	27	201.27
2015	2	28	201.2
2015	3	1	201.1
2015	3	2	201.01
2015	3	3	200.91
2015	3	4	200.77
2015	3	5	200.64
2015	3	6	200.49
2015	3	7	200.31
2015	3	8	200.07
2015	3	9	199.84
2015	3	10	199.58
2015	3	11	199.27
2015	3	12	198.98
2015	3	13	198.71
2015	3	14	198.45
2015	3	15	198.17
2015	3	16	197.88
2015	3	17	197.65
2015	3	18	197.37
2015	3	19	197.09
2015	3	20	197.39
2015	3	21	197.46
2015	3	22	200.45
2015	3	23	201.32
2015	3	24	201.41
2015	3	25	201.34
2015	3	26	201.29
2015	3	27	201.23
2015	3	28	201.14
2015	3	29	201.04
2015	3	30	200.96
2015	3	31	200.84
2015	4	1	200.74
2015	4	2	200.59
2015	4	3	200.48
2015	4	4	200.36
2015	4	5	200.19
2015	4	6	199.98
2015	4	7	199.66
2015	4	8	199.45
2015	4	9	199.23
2015	4	10	198.96
2015	4	11	198.79
2015	4	12	198.54
2015	4	13	198.31
2015	4	14	198.05
2015	4	15	197.77
2015	4	16	197.48
2015	4	17	197.24
2015	4	18	196.91
2015	4	19	196.65
2015	4	20	196.48
2015	4	21	196.37
2015	4	22	196.25
2015	4	23	196.14
2015	4	24	196.01
2015	4	25	196.03
2015	4	26	196.02
2015	4	27	195.98
2015	4	28	196.06
2015	4	29	196.06
2015	4	30	196.11
2015	5	1	196.09
2015	5	2	196.14
2015	5	3	196.17
2015	5	4	196.06
2015	5	5	196.07
2015	5	6	196.18
2015	5	7	196.16
2015	5	8	196.22
2015	5	9	196.31
2015	5	10	196.3
2015	5	11	196.35
2015	5	12	196.37
2015	5	13	196.46
2015	5	14	196.38
2015	5	15	196.37
2015	5	16	196.39
2015	5	17	196.37
2015	5	18	196.38
2015	5	19	196.33
2015	5	20	196.31
2015	5	21	196.34
2015	5	22	196.28
2015	5	23	196.29
2015	5	24	196.23
2015	5	25	196.23
2015	5	26	196.24
2015	5	27	196.21
2015	5	28	196.18
2015	5	29	196.19
2015	5	30	196.26
2015	5	31	196.42
2015	6	1	196.49
2015	6	2	196.6
2015	6	3	196.55
2015	6	4	196.58
2015	6	5	196.48
2015	6	6	196.52
2015	6	7	196.59
2015	6	8	196.44
2015	6	9	196.36
2015	6	10	196.39
2015	6	11	196.69
2015	6	12	196.56
2015	6	13	196.6
2015	6	14	196.56
2015	6	15	196.61
2015	6	16	196.62
2015	6	17	196.62
2015	6	18	196.69
2015	6	19	196.61
2015	6	20	196.95
2015	6	21	197.05
2015	6	22	197.18
2015	6	23	197.21
2015	6	24	197.31
2015	6	25	197.43
2015	6	26	197.34
2015	6	27	197.32
2015	6	28	197.34
2015	6	29	197.51
2015	6	30	197.85
2015	7	1	198.15
2015	7	2	198.37
2015	7	3	198.4
2015	7	4	198.82
2015	7	5	199.15
2015	7	6	199.5
2015	7	7	199.74
2015	7	8	199.72
2015	7	9	200.01
2015	7	10	200.15
2015	7	11	200.51
2015	7	12	200.93
2015	7	13	201.2
2015	7	14	201.35
2015	7	15	201.48
2015	7	16	201.77
2015	7	17	201.75
2015	7	18	201.59
2015	7	19	201.51
2015	7	20	201.47
2015	7	21	201.35
2015	7	22	201.2
2015	7	23	201.18
2015	7	24	201.04
2015	7	25	201.17
2015	7	26	201.3
2015	7	27	201.51
2015	7	28	201.8
2015	7	29	202.1
2015	7	30	202.36
2015	7	31	202.31
2015	8	1	202.45
2015	8	2	202.86
2015	8	3	203.28
2015	8	4	203.48
2015	8	5	203.66
2015	8	6	203.79
2015	8	7	203.77
2015	8	8	204.02
2015	8	9	204.08
2015	8	10	204.14
2015	8	11	204.12
2015	8	12	204.3
2015	8	13	204.48
2015	8	14	204.41
2015	8	15	204.53
2015	8	16	204.81
2015	8	17	205.05
2015	8	18	205.19
2015	8	19	205.28
2015	8	20	205.46
2015	8	21	205.36
2015	8	22	205.4
2015	8	23	205.41
2015	8	24	205.37
2015	8	25	205.32
2015	8	26	205.23
2015	8	27	205.14
2015	8	28	205.12
2015	8	29	205.12
2015	8	30	205.17
2015	8	31	205.23
2015	9	1	205.15
2015	9	2	205.08
2015	9	3	204.91
2015	9	4	204.82
2015	9	5	204.85
2015	9	6	204.91
2015	9	7	204.85
2015	9	8	204.79
2015	9	9	204.9
2015	9	10	204.8
2015	9	11	204.65
2015	9	12	204.73
2015	9	13	204.63
2015	9	14	204.54
2015	9	15	204.41
2015	9	16	204.36
2015	9	17	204.16
2015	9	18	204.02
2015	9	19	203.87
2015	9	20	203.66
2015	9	21	203.5
2015	9	22	203.48
2015	9	23	203.34
2015	9	24	203.07
2015	9	25	202.91
2015	9	26	202.81
2015	9	27	202.59
2015	9	28	202.44
2015	9	29	202.29
2015	9	30	202.16
2015	10	1	202.08
2015	10	2	201.95
2015	10	3	202.01
2015	10	4	201.9
2015	10	5	201.74
2015	10	6	201.63
2015	10	7	201.52
2015	10	8	201.43
2015	10	9	201.32
2015	10	10	201.21
2015	10	11	201.17
2015	10	12	201.06
2015	10	13	201.04
2015	10	14	201
2015	10	15	200.86
2015	10	16	200.79
2015	10	17	200.7
2015	10	18	200.65
2015	10	19	200.54
2015	10	20	200.45
2015	10	21	200.31
2015	10	22	200.2
2015	10	23	200.08
2015	10	24	200.07
2015	10	25	199.93
2015	10	26	199.84
2015	10	27	199.82
2015	10	28	199.79
2015	10	29	200.01
2015	10	30	200.49
2015	10	31	200.76
2015	11	1	200.83
2015	11	2	200.8
2015	11	3	200.75
2015	11	4	200.71
2015	11	5	200.65
2015	11	6	200.66
2015	11	7	200.62
2015	11	8	200.59
2015	11	9	200.53
2015	11	10	200.54
2015	11	11	200.69
2015	11	12	200.77
2015	11	13	200.68
2015	11	14	200.68
2015	11	15	200.65
2015	11	16	200.67
2015	11	17	200.71
2015	11	18	201.35
2015	11	19	201.62
2015	11	20	201.71
2015	11	21	201.71
2015	11	22	201.75
2015	11	23	201.78
2015	11	24	201.77
2015	11	25	201.73
2015	11	26	201.8
2015	11	27	201.83
2015	11	28	201.99
2015	11	29	202.02
2015	11	30	202.03
2015	12	1	202.09
2015	12	2	202.37
2015	12	3	203.06
2015	12	4	203.13
2015	12	5	203.31
2015	12	6	203.59
2015	12	7	203.8
2015	12	8	203.93
2015	12	9	204.09
2015	12	10	204.15
2015	12	11	204.25
2015	12	12	204.31
2015	12	13	204.48
2015	12	14	205.04
2015	12	15	205.4
2015	12	16	205.62
2015	12	17	205.71
2015	12	18	205.75
2015	12	19	205.82
2015	12	20	205.9
2015	12	21	205.96
2015	12	22	205.94
2015	12	23	205.96
2015	12	24	206.1
2015	12	25	206.16
2015	12	26	206.18
2015	12	27	206.15
2015	12	28	206.2
2015	12	29	206.35
2015	12	30	207.08
2015	12	31	207.92
2016	1	1	208.75
2016	1	2	209.48
2016	1	3	209.73
2016	1	4	209.9
2016	1	5	210.12
2016	1	6	210.32
2016	1	7	210.47
2016	1	8	210.65
2016	1	9	211.55
2016	1	10	211.87
2016	1	11	212.08
2016	1	12	212.25
2016	1	13	212.31
2016	1	14	212.38
2016	1	15	212.46
2016	1	16	212.48
2016	1	17	212.49
2016	1	18	212.55
2016	1	19	212.6
2016	1	20	212.58
2016	1	21	212.62
2016	1	22	212.62
2016	1	23	212.65
2016	1	24	212.7
2016	1	25	212.78
2016	1	26	212.81
2016	1	27	212.86
2016	1	28	212.86
2016	1	29	212.86
2016	1	30	212.96
2016	1	31	212.97
2016	2	1	212.94
2016	2	2	212.93
2016	2	3	212.9
2016	2	4	212.92
2016	2	5	212.89
2016	2	6	212.87
2016	2	7	212.86
2016	2	8	212.87
2016	2	9	212.87
2016	2	10	212.85
2016	2	11	212.88
2016	2	12	212.92
2016	2	13	212.91
2016	2	14	212.76
2016	2	15	212.67
2016	2	16	212.59
2016	2	17	212.46
2016	2	18	212.34
2016	2	19	212.2
2016	2	20	212.06
2016	2	21	211.95
2016	2	22	212.72
2016	2	23	211.62
2016	2	24	211.51
2016	2	25	211.38
2016	2	26	211.25
2016	2	27	211.07
2016	2	28	210.96
2016	2	29	210.83
2016	3	1	210.71
2016	3	2	210.5
2016	3	3	210.33
2016	3	4	210.11
2016	3	5	209.98
2016	3	6	209.77
2016	3	7	209.57
2016	3	8	209.38
2016	3	9	209.23
2016	3	10	209.12
2016	3	11	208.85
2016	3	12	208.56
2016	3	13	208.39
2016	3	14	208.23
2016	3	15	208.21
2016	3	16	208.04
2016	3	17	207.82
2016	3	18	207.65
2016	3	19	207.93
2016	3	20	207.22
2016	3	21	207.07
2016	3	22	206.91
2016	3	23	206.7
2016	3	24	206.6
2016	3	25	206.02
2016	3	26	206.1
2016	3	27	206.02
2016	3	28	205.91
2016	3	29	205.83
2016	3	30	205.73
2016	3	31	205.34
2016	4	1	205.67
2016	4	2	205.46
2016	4	3	205.27
2016	4	4	205.04
2016	4	5	204.83
2016	4	6	204.7
2016	4	7	204.38
2016	4	8	204.19
2016	4	9	203.97
2016	4	10	203.83
2016	4	11	203.63
2016	4	12	203.48
2016	4	13	203.74
2016	4	14	204.4
2016	4	15	205.3
2016	4	16	205.68
2016	4	17	205.62
2016	4	18	205.72
2016	4	19	205.79
2016	4	20	205.76
2016	4	21	205.79
2016	4	22	205.82
2016	4	23	205.89
2016	4	24	205.87
2016	4	25	206.02
2016	4	26	206.1
2016	4	27	206.02
2016	4	28	205.91
2016	4	29	205.83
2016	4	30	205.73
2016	5	1	205.34
2016	5	2	205.58
2016	5	3	205.59
2016	5	4	205.53
2016	5	5	205.46
2016	5	6	205.37
2016	5	7	205.66
2016	5	8	205.88
2016	5	9	206.19
2016	5	10	206.4
2016	5	11	206.65
2016	5	12	206.85
2016	5	13	206.95
2016	5	14	207.07
2016	5	15	206.98
2016	5	16	207.07
2016	5	17	207.09
2016	5	18	206.95
2016	5	19	206.8
2016	5	20	206.71
2016	5	21	206.54
2016	5	22	206.33
2016	5	23	206.3
2016	5	24	206.23
2016	5	25	206.07
2016	5	26	206
2016	5	27	205.93
2016	5	28	206.06
2016	5	29	206.1
2016	5	30	206.07
2016	5	31	205.93
2016	6	1	205.73
2016	6	2	205.59
2016	6	3	205.44
2016	6	4	205.43
2016	6	5	205.33
2016	6	6	205.26
2016	6	7	205.24
2016	6	8	205.26
2016	6	9	205.18
2016	6	10	205.02
2016	6	11	205
2016	6	12	204.79
2016	6	13	204.5
2016	6	14	204.37
2016	6	15	204.07
2016	6	16	203.9
2016	6	17	203.6
2016	6	18	203.33
2016	6	19	203.03
2016	6	20	202.86
2016	6	21	202.68
2016	6	22	202.48
2016	6	23	202.54
2016	6	24	202.18
2016	6	25	201.99
2016	6	26	201.76
2016	6	27	201.5
2016	6	28	201.55
2016	6	29	201.8
2016	6	30	202.2
2016	7	1	202.4
2016	7	2	202.75
2016	7	3	203.15
2016	7	4	203.4
2016	7	5	203.44
2016	7	6	203.22
2016	7	7	202.95
2016	7	8	202.74
2016	7	9	202.8
2016	7	10	202.8
2016	7	11	202.78
2016	7	12	202.7
2016	7	13	202.76
2016	7	14	202.5
2016	7	15	202.4
2016	7	16	202.5
2016	7	17	202.72
2016	7	18	202.95
2016	7	19	203.2
2016	7	20	203.6
2016	7	21	203.85
2016	7	22	203.93
2016	7	23	204.32
2016	7	24	204.51
2016	7	25	204.84
2016	7	26	205
2016	7	27	205
2016	7	28	205.05
2016	7	29	204.98
2016	7	30	204.92
2016	7	31	204.95
2016	8	1	205.05
2016	8	2	205.3
2016	8	3	205.2
2016	8	4	205.25
2016	8	5	205.15
2016	8	6	205.4
2016	8	7	205.6
2016	8	8	205.75
2016	8	9	205.82
2016	8	10	206.05
2016	8	11	206.24
2016	8	12	206.17
2016	8	13	206.44
2016	8	14	206.67
2016	8	15	206.75
2016	8	16	206.65
2016	8	17	206.65
2016	8	18	206.42
2016	8	19	206.3
2016	8	20	206.3
2016	8	21	206.32
2016	8	22	206.17
2016	8	23	206.14
2016	8	24	206.01
2016	8	25	205.82
2016	8	26	205.58
2016	8	27	205.7
2016	8	28	205.9
2016	8	29	206.07
2016	8	30	206.36
2016	8	31	206.55
2016	9	1	206.75
2016	9	2	206.75
2016	9	3	206.77
2016	9	4	206.74
2016	9	5	206.7
2016	9	6	206.6
2016	9	7	206.46
2016	9	8	206.16
2016	9	9	206.07
2016	9	10	205.99
2016	9	11	205.81
2016	9	12	205.67
2016	9	13	205.43
2016	9	14	205.27
2016	9	15	205.07
2016	9	16	204.9
2016	9	17	204.79
2016	9	18	204.59
2016	9	19	204.34
2016	9	20	204.19
2016	9	21	204.13
2016	9	22	203.96
2016	9	23	203.71
2016	9	24	203.52
2016	9	25	203.29
2016	9	26	203.08
2016	9	27	203
2016	9	28	202.85
2016	9	29	202.64
2016	9	30	202.42
2016	10	1	202.23
2016	10	2	202.1
2016	10	3	202.85
2016	10	4	201.64
2016	10	5	201.4
2016	10	6	201.16
2016	10	7	200.96
2016	10	8	200.79
2016	10	9	200.56
2016	10	10	200.46
2016	10	11	200.34
2016	10	12	200.27
2016	10	13	200.06
2016	10	14	200.04
2016	10	15	199.55
2016	10	16	199.43
2016	10	17	199.31
2016	10	18	199.29
2016	10	19	199.22
2016	10	20	199.14
2016	10	21	199.08
2016	10	22	199.04
2016	10	23	198.91
2016	10	24	198.91
2016	10	25	198.93
2016	10	26	199.08
2016	10	27	199.1
2016	10	28	199.12
2016	10	29	199.15
2016	10	30	199.12
2016	10	31	199.08
2016	11	1	199.1
2016	11	2	199.07
2016	11	3	199.02
2016	11	4	198.96
2016	11	5	198.93
2016	11	6	199
2016	11	7	199
2016	11	8	199.01
2016	11	9	199.08
2016	11	10	199.15
2016	11	11	199.16
2016	11	12	199.2
2016	11	13	199.25
2016	11	14	199.27
2016	11	15	199.29
2016	11	16	199.36
2016	11	17	199.41
2016	11	18	199.49
2016	11	19	199.49
2016	11	20	199.48
2016	11	21	199.49
2016	11	22	199.47
2016	11	23	199.53
2016	11	24	199.55
2016	11	25	199.56
2016	11	26	199.58
2016	11	27	199.6
2016	11	28	199.58
2016	11	29	199.59
2016	11	30	199.6
2016	12	1	200.05
2016	12	2	200.97
2016	12	3	201.15
2016	12	4	201.15
2016	12	5	201.23
2016	12	6	201.24
2016	12	7	201.22
2016	12	8	201.16
2016	12	9	201.13
2016	12	10	201.13
2016	12	11	201.11
2016	12	12	201.07
2016	12	13	201.07
2016	12	14	201.07
2016	12	15	201.12
2016	12	16	201.12
2016	12	17	201.12
2016	12	18	201.16
2016	12	19	201.17
2016	12	20	201.2
2016	12	21	201.2
2016	12	22	201.18
2016	12	23	201.23
2016	12	24	201.28
2016	12	25	201.44
2016	12	26	202.02
2016	12	27	202.25
2016	12	28	202.62
2016	12	29	202.83
2016	12	30	202.99
2016	12	31	203.08
2017	1	1	203.09
2017	1	2	203.08
2017	1	3	203.08
2017	1	4	203.05
2017	1	5	203.09
2017	1	6	203.17
2017	1	7	203.25
2017	1	8	203.28
2017	1	9	203.32
2017	1	10	203.33
2017	1	11	203.39
2017	1	12	203.34
2017	1	13	203.29
2017	1	14	203.36
2017	1	15	203.41
2017	1	16	203.36
2017	1	17	203.33
2017	1	18	203.34
2017	1	19	203.39
2017	1	20	203.34
2017	1	21	203.25
2017	1	22	203.1
2017	1	23	202.89
2017	1	24	202.7
2017	1	25	202.48
2017	1	26	202.38
2017	1	27	202.4
2017	1	28	202.34
2017	1	29	202.32
2017	1	30	202.17
2017	1	31	202
2017	2	1	201.92
2017	2	2	201.87
2017	2	3	201.8
2017	2	4	201.91
2017	2	5	201.9
2017	2	6	201.83
2017	2	7	201.73
2017	2	8	201.66
2017	2	9	201.53
2017	2	10	201.38
2017	2	11	201.36
2017	2	12	201.35
2017	2	13	201.7
2017	2	14	201.77
2017	2	15	201.88
2017	2	16	201.99
2017	2	17	201.98
2017	2	18	201.88
2017	2	19	201.84
2017	2	20	201.88
2017	2	21	201.89
2017	2	22	201.91
2017	2	23	201.92
2017	2	24	201.91
2017	2	25	201.98
2017	2	26	201.82
2017	2	27	201.58
2017	2	28	201.57
2017	3	1	201.51
2017	3	2	201.43
2017	3	3	201.31
2017	3	4	201.19
2017	3	5	201.13
2017	3	6	201.1
2017	3	7	201.4
2017	3	8	201.83
2017	3	9	202.08
2017	3	10	202.02
2017	3	11	201.97
2017	3	12	201.84
2017	3	13	201.73
2017	3	14	201.55
2017	3	15	201.42
2017	3	16	201.27
2017	3	17	201.12
2017	3	18	201.07
2017	3	19	201.05
2017	3	20	201.15
2017	3	21	201.18
2017	3	22	201.19
2017	3	23	201.25
2017	3	24	201.52
2017	3	25	201.65
2017	3	26	201.74
2017	3	27	201.79
2017	3	28	201.83
2017	3	29	201.83
2017	3	30	201.77
2017	3	31	201.62
2017	4	1	201.59
2017	4	2	201.41
2017	4	3	201.38
2017	4	4	201.3
2017	4	5	201.31
2017	4	6	201.21
2017	4	7	201.27
2017	4	8	201.3
2017	4	9	201.21
2017	4	10	201.15
2017	4	11	201.08
2017	4	12	201.16
2017	4	13	201.12
2017	4	14	201.1
2017	4	15	201.2
2017	4	16	201.18
2017	4	17	201.22
2017	4	18	201.22
2017	4	19	201.17
2017	4	20	201.18
2017	4	21	201.16
2017	4	22	201.14
2017	4	23	201.09
2017	4	24	201.15
2017	4	25	201.03
2017	4	26	201.03
2017	4	27	201.01
2017	4	28	201.05
2017	4	29	200.95
2017	4	30	200.96
2017	5	1	200.9
2017	5	2	200.84
2017	5	3	200.81
2017	5	4	200.83
2017	5	5	200.85
2017	5	6	200.86
2017	5	7	200.86
2017	5	8	200.9
2017	5	9	200.92
2017	5	10	200.92
2017	5	11	200.92
2017	5	12	200.89
2017	5	13	200.88
2017	5	14	200.82
2017	5	15	200.8
2017	5	16	200.84
2017	5	17	200.82
2017	5	18	200.81
2017	5	19	200.77
2017	5	20	200.74
2017	5	21	200.85
2017	5	22	200.8
2017	5	23	200.84
2017	5	24	200.78
2017	5	25	200.85
2017	5	26	200.9
2017	5	27	201.07
2017	5	28	201.13
2017	5	29	201.21
2017	5	30	201.25
2017	5	31	201.22
2017	6	1	201.17
2017	6	2	201.09
2017	6	3	201.04
2017	6	4	200.99
2017	6	5	200.93
2017	6	6	200.84
2017	6	7	200.76
2017	6	8	200.53
2017	6	9	200.39
2017	6	10	200.44
2017	6	11	200.51
2017	6	12	200.65
2017	6	13	200.63
2017	6	14	200.7
2017	6	15	201
2017	6	16	200.93
2017	6	17	200.84
2017	6	18	200.67
2017	6	19	200.68
2017	6	20	200.62
2017	6	21	200.65
2017	6	22	200.48
2017	6	23	200.33
2017	6	24	200.11
2017	6	25	199.12
2017	6	26	199.73
2017	6	27	199.47
2017	6	28	199.43
2017	6	29	199.47
2017	6	30	199.29
2017	7	1	199.32
2017	7	2	199.55
2017	7	3	199.68
2017	7	4	199.86
2017	7	5	200.27
2017	7	6	200.63
2017	7	7	200.54
2017	7	8	200.77
2017	7	9	201.05
2017	7	10	201.52
2017	7	11	201.76
2017	7	12	201.89
2017	7	13	201.76
2017	7	14	201.61
2017	7	15	201.52
2017	7	16	201.59
2017	7	17	201.87
2017	7	18	202.01
2017	7	19	202.15
2017	7	20	202
2017	7	21	201.87
2017	7	22	202.09
2017	7	23	202.53
2017	7	24	202.81
2017	7	25	203.05
2017	7	26	203.36
2017	7	27	203.6
2017	7	28	203.57
2017	7	29	204.05
2017	7	30	204.56
2017	7	31	204.88
2017	8	1	205.05
2017	8	2	205.1
2017	8	3	205.11
2017	8	4	204.93
2017	8	5	205.14
2017	8	6	205.42
2017	8	7	205.68
2017	8	8	206
2017	8	9	206.35
2017	8	10	206.6
2017	8	11	206.5
2017	8	12	206.82
2017	8	13	207.21
2017	8	14	207.52
2017	8	15	207.87
2017	8	16	208.09
2017	8	17	208.07
2017	8	18	207.98
2017	8	19	208.13
2017	8	20	208.28
2017	8	21	208.59
2017	8	22	208.92
2017	8	23	209.23
2017	8	24	209.55
2017	8	25	209.41
2017	8	26	209.51
2017	8	27	209.45
2017	8	28	209.37
2017	8	29	209.37
2017	8	30	209.38
2017	8	31	209.29
2017	9	1	209.04
2017	9	2	209.04
2017	9	3	208.91
2017	9	4	208.78
2017	9	5	208.65
2017	9	6	208.54
2017	9	7	208.48
2017	9	8	208.25
2017	9	9	208.02
2017	9	10	207.8
2017	9	11	207.74
2017	9	12	207.59
2017	9	13	207.47
2017	9	14	207.22
2017	9	15	206.97
2017	9	16	206.76
2017	9	17	206.54
2017	9	18	206.3
2017	9	19	206.07
2017	9	20	205.85
2017	9	21	205.65
2017	9	22	205.43
2017	9	23	205.18
2017	9	24	205.02
2017	9	25	204.82
2017	9	26	204.59
2017	9	27	204.41
2017	9	28	204.16
2017	9	29	203.89
2017	9	30	203.64
2017	10	1	203.41
2017	10	2	203.2
2017	10	3	202.94
2017	10	4	202.68
2017	10	5	202.44
2017	10	6	202.24
2017	10	7	202.02
2017	10	8	201.82
2017	10	9	201.57
2017	10	10	201.39
2017	10	11	201.26
2017	10	12	201.07
2017	10	13	200.93
2017	10	14	200.75
2017	10	15	200.63
2017	10	16	200.52
2017	10	17	200.43
2017	10	18	200.32
2017	10	19	200.22
2017	10	20	200.11
2017	10	21	199.98
2017	10	22	199.85
2017	10	23	199.69
2017	10	24	199.58
2017	10	25	199.45
2017	10	26	199.3
2017	10	27	199.21
2017	10	28	199.15
2017	10	29	199.04
2017	10	30	199.07
2017	10	31	199.11
2017	11	1	199.08
2017	11	2	199.05
2017	11	3	198.98
2017	11	4	198.97
2017	11	5	198.99
2017	11	6	199.02
2017	11	7	199.08
2017	11	8	199.1
2017	11	9	199.12
2017	11	10	199.18
2017	11	11	199.23
2017	11	12	199.22
2017	11	13	199.18
2017	11	14	199.17
2017	11	15	199.16
2017	11	16	199.18
2017	11	17	199.17
2017	11	18	199.2
2017	11	19	199.23
2017	11	20	199.25
2017	11	21	199.35
2017	11	22	199.69
2017	11	23	199.95
2017	11	24	200.04
2017	11	25	200.18
2017	11	26	200.25
2017	11	27	200.35
2017	11	28	200.36
2017	11	29	200.34
2017	11	30	200.32
2017	12	1	200.28
2017	12	2	200.23
2017	12	3	200.19
2017	12	4	200.16
2017	12	5	200.14
2017	12	6	200.1
2017	12	7	200.09
2017	12	8	200.02
2017	12	9	199.99
2017	12	10	199.94
2017	12	11	199.89
2017	12	12	199.85
2017	12	13	199.88
2017	12	14	199.91
2017	12	15	199.95
2017	12	16	199.99
2017	12	17	200.01
2017	12	18	200.01
2017	12	19	200.01
2017	12	20	200.03
2017	12	21	200.06
2017	12	22	200.07
2017	12	23	200.12
2017	12	24	200.15
2017	12	25	200.17
2017	12	26	200.24
2017	12	27	200.29
2017	12	28	200.33
2017	12	29	200.32
2017	12	30	200.24
2017	12	31	200.18
2018	1	1	200.13
2018	1	2	200.11
2018	1	3	200.05
2018	1	4	200.04
2018	1	5	199.93
2018	1	6	199.8
2018	1	7	199.78
2018	1	8	199.75
2018	1	9	199.77
2018	1	10	199.76
2018	1	11	199.72
2018	1	12	199.69
2018	1	13	199.66
2018	1	14	199.63
2018	1	15	199.6
2018	1	16	199.58
2018	1	17	199.55
2018	1	18	199.5
2018	1	19	199.44
2018	1	20	199.47
2018	1	21	199.44
2018	1	22	199.41
2018	1	23	199.35
2018	1	24	199.32
2018	1	25	199.28
2018	1	26	199.23
2018	1	27	199.23
2018	1	28	199.18
2018	1	29	199.14
2018	1	30	199.11
2018	1	31	199.08
2018	2	1	199.05
2018	2	2	199
2018	2	3	198.98
2018	2	4	198.96
2018	2	5	198.92
2018	2	6	198.89
2018	2	7	198.87
2018	2	8	198.82
2018	2	9	198.79
2018	2	10	198.78
2018	2	11	198.75
2018	2	12	198.72
2018	2	13	198.69
2018	2	14	198.67
2018	2	15	198.63
2018	2	16	198.63
2018	2	17	198.62
2018	2	18	198.82
2018	2	19	198.95
2018	2	20	199.01
2018	2	21	199.07
2018	2	22	199.04
2018	2	23	199.06
2018	2	24	199.7
2018	2	25	200.11
2018	2	26	200.22
2018	2	27	200.41
2018	2	28	200.47
2018	3	1	200.53
2018	3	2	200.57
2018	3	3	200.61
2018	3	4	200.63
2018	3	5	200.66
2018	3	6	200.68
2018	3	7	200.66
2018	3	8	200.6
2018	3	9	200.56
2018	3	10	200.51
2018	3	11	200.46
2018	3	12	200.39
2018	3	13	200.24
2018	3	14	200.13
2018	3	15	200.05
2018	3	16	199.95
2018	3	17	199.85
2018	3	18	199.81
2018	3	19	199.66
2018	3	20	199.55
2018	3	21	199.42
2018	3	22	199.38
2018	3	23	199.3
2018	3	24	199.27
2018	3	25	199.22
2018	3	26	199.2
2018	3	27	199.13
2018	3	28	199.06
2018	3	29	199.05
2018	3	30	199.04
2018	3	31	198.99
2018	4	1	199
2018	4	2	199
2018	4	3	198.92
2018	4	4	198.93
2018	4	5	198.89
2018	4	6	198.89
2018	4	7	198.89
2018	4	8	198.88
2018	4	9	198.85
2018	4	10	198.84
2018	4	11	198.87
2018	4	12	198.88
2018	4	13	198.88
2018	4	14	198.83
2018	4	15	198.79
2018	4	16	198.75
2018	4	17	198.71
2018	4	18	198.71
2018	4	19	198.67
2018	4	20	198.61
2018	4	21	198.6
2018	4	22	198.57
2018	4	23	199.13
2018	4	24	199.18
2018	4	25	199.18
2018	4	26	199.18
2018	4	27	199.13
2018	4	28	199.08
2018	4	29	199.11
2018	4	30	199.15
2018	5	1	199.18
2018	5	2	199.19
2018	5	3	199.23
2018	5	4	199.25
2018	5	5	199.26
2018	5	6	199.21
2018	5	7	199.19
2018	5	8	199.12
2018	5	9	199.17
2018	5	10	199.28
2018	5	11	199.25
2018	5	12	199.22
2018	5	13	199.14
2018	5	14	199.06
2018	5	15	198.98
2018	5	16	198.89
2018	5	17	198.82
2018	5	18	198.75
2018	5	19	198.67
2018	5	20	198.59
2018	5	21	198.5
2018	5	22	198.44
2018	5	23	198.36
2018	5	24	198.27
2018	5	25	198.22
2018	5	26	198.15
2018	5	27	198.12
2018	5	28	198.11
2018	5	29	198.12
2018	5	30	198.09
2018	5	31	198.1
2018	6	1	198.08
2018	6	2	198.01
2018	6	3	197.99
2018	6	4	198.01
2018	6	5	198
2018	6	6	197.99
2018	6	7	198.2
2018	6	8	198.24
2018	6	9	198.37
2018	6	10	198.39
2018	6	11	198.39
2018	6	12	198.36
2018	6	13	198.31
2018	6	14	198.29
2018	6	15	198.21
2018	6	16	198.16
2018	6	17	198.13
2018	6	18	198.27
2018	6	19	198.3
2018	6	20	198.24
2018	6	21	198.32
2018	6	22	198.4
2018	6	23	198.36
2018	6	24	198.44
2018	6	25	198.64
2018	6	26	198.75
2018	6	27	198.71
2018	6	28	198.74
2018	6	29	198.62
2018	6	30	198.78
2018	7	1	198.91
2018	7	2	199.22
2018	7	3	199.34
2018	7	4	199.67
2018	7	5	199.87
2018	7	6	199.64
2018	7	7	199.87
2018	7	8	200.03
2018	7	9	200.1
2018	7	10	200.24
2018	7	11	200.28
2018	7	12	200.21
2018	7	13	200.14
2018	7	14	200.1
2018	7	15	200.16
2018	7	16	200.22
2018	7	17	200.33
2018	7	18	200.42
2018	7	19	200.58
2018	7	20	200.62
2018	7	21	200.66
2018	7	22	200.73
2018	7	23	200.77
2018	7	24	200.8
2018	7	25	200.92
2018	7	26	201.03
2018	7	27	201.16
2018	7	28	201.23
2018	7	29	201.31
2018	7	30	201.34
2018	7	31	201.43
2018	8	1	201.51
2018	8	2	201.66
2018	8	3	201.51
2018	8	4	201.48
2018	8	5	201.58
2018	8	6	201.91
2018	8	7	202.02
2018	8	8	202.23
2018	8	9	202.37
2018	8	10	202.23
2018	8	11	202.16
2018	8	12	202.18
2018	8	13	201.87
2018	8	14	201.45
2018	8	15	201.31
2018	8	16	201.2
2018	8	17	201.12
2018	8	18	201.28
2018	8	19	201.23
2018	8	20	201.14
2018	8	21	201.02
2018	8	22	200.87
2018	8	23	200.74
2018	8	24	200.59
2018	8	25	200.4
2018	8	26	200.27
2018	8	27	200.12
2018	8	28	200.07
2018	8	29	200.03
2018	8	30	199.96
2018	8	31	199.89
2018	9	1	199.85
2018	9	2	199.77
2018	9	3	199.65
2018	9	4	199.52
2018	9	5	199.46
2018	9	6	199.32
2018	9	7	199.2
2018	9	8	199.19
2018	9	9	199.03
2018	9	10	198.67
2018	9	11	198.45
2018	9	12	198.61
2018	9	13	198.65
2018	9	14	198.52
2018	9	15	198.53
2018	9	16	198.58
2018	9	17	198.61
2018	9	18	198.58
2018	9	19	198.55
2018	9	20	198.53
2018	9	21	198.44
2018	9	22	198.35
2018	9	23	198.27
2018	9	24	198.22
2018	9	25	198.15
2018	9	26	198.17
2018	9	27	198.16
2018	9	28	198.15
2018	9	29	198.2
2018	9	30	198.22
2018	10	1	198.27
2018	10	2	198.31
2018	10	3	198.35
2018	10	4	198.36
2018	10	5	198.35
2018	10	6	198.45
2018	10	7	198.46
2018	10	8	198.53
2018	10	9	198.56
2018	10	10	198.61
2018	10	11	198.63
2018	10	12	198.66
2018	10	13	198.63
2018	10	14	198.65
2018	10	15	198.6
2018	10	16	198.62
2018	10	17	198.62
2018	10	18	198.62
2018	10	19	198.63
2018	10	20	198.63
2018	10	21	198.64
2018	10	22	198.62
2018	10	23	198.65
2018	10	24	198.6
2018	10	25	198.6
2018	10	26	198.61
2018	10	27	198.69
2018	10	28	198.74
2018	10	29	198.75
2018	10	30	198.74
2018	10	31	198.74
2018	11	1	198.75
2018	11	2	198.74
2018	11	3	198.72
2018	11	4	198.72
2018	11	5	198.74
2018	11	6	199.2
2018	11	7	199.31
2018	11	8	199.33
2018	11	9	199.33
2018	11	10	199.34
2018	11	11	199.39
2018	11	12	199.45
2018	11	13	199.52
2018	11	14	199.55
2018	11	15	200.08
2018	11	16	200.7
2018	11	17	201.14
2018	11	18	201.15
2018	11	19	201.15
2018	11	20	201.14
2018	11	21	201.15
2018	11	22	201.14
2018	11	23	201.22
2018	11	24	201.92
2018	11	25	203.32
2018	11	26	204.12
2018	11	27	204.28
2018	11	28	204.37
2018	11	29	204.42
2018	11	30	204.46
2018	12	1	204.47
2018	12	2	204.43
2018	12	3	204.37
2018	12	4	204.33
2018	12	5	204.28
2018	12	6	204.97
2018	12	7	205.38
2018	12	8	205.39
2018	12	9	205.48
2018	12	10	205.5
2018	12	11	205.5
2018	12	12	205.47
2018	12	13	205.43
2018	12	14	205.37
2018	12	15	205.33
2018	12	16	205.29
2018	12	17	205.33
2018	12	18	205.26
2018	12	19	205.2
2018	12	20	205.19
2018	12	21	205.15
2018	12	22	205.11
2018	12	23	205.13
2018	12	24	205.07
2018	12	25	205.07
2018	12	26	205.02
2018	12	27	205.01
2018	12	28	205.02
2018	12	29	205.09
2018	12	30	205.1
2018	12	31	205.14
2019	1	1	205.11
2019	1	2	205.08
2019	1	3	206.46
2019	1	4	206.9
2019	1	5	207.01
2019	1	6	207.1
2019	1	7	207.13
2019	1	8	207.14
2019	1	9	207.22
2019	1	10	207.445
2019	1	11	207.53
2019	1	12	207.55
2019	1	13	207.57
2019	1	14	208.12
2019	1	15	208.89
2019	1	16	209.24
2019	1	17	210.27
2019	1	18	210.64
2019	1	19	210.85
2019	1	20	211.03
2019	1	21	211.15
2019	1	22	211.27
2019	1	23	211.39
2019	1	24	211.72
2019	1	25	212.25
2019	1	26	212.75
2019	1	27	213.42
2019	1	28	214.16
2019	1	29	216.22
2019	1	30	217.05
2019	1	31	217.78
2019	2	1	218.46
2019	2	2	219.04
2019	2	3	219.49
2019	2	4	219.93
2019	2	5	220.3
2019	2	6	220.53
2019	2	7	220.75
2019	2	8	220.94
2019	2	9	221.05
2019	2	10	221.43
2019	2	11	221.54
2019	2	12	221.56
2019	2	13	221.61
2019	2	14	221.79
2019	2	15	221.83
2019	2	16	221.87
2019	2	17	221.9
2019	2	18	221.87
2019	2	19	222.04
2019	2	20	221.97
2019	2	21	221.88
2019	2	22	221.72
2019	2	23	221.45
2019	2	24	221.42
2019	2	25	221.26
2019	2	26	221.2
2019	2	27	220.98
2019	2	28	220.74
2019	3	1	220.62
2019	3	2	220.51
2019	3	3	220.48
2019	3	4	220.31
2019	3	5	220.22
2019	3	6	220.16
2019	3	7	220.15
2019	3	8	220.07
2019	3	9	220.02
2019	3	10	220.04
2019	3	11	220.12
2019	3	12	220.15
2019	3	13	220.18
2019	3	14	220.37
2019	3	15	220.58
2019	3	16	220.7
2019	3	17	220.99
2019	3	18	221.23
2019	3	19	221.38
2019	3	20	221.44
2019	3	21	221.43
2019	3	22	221.29
2019	3	23	221.19
2019	3	24	221.22
2019	3	25	221.67
2019	3	26	224.02
2019	3	27	224.23
2019	3	28	224.04
2019	3	29	224
2019	3	30	223.87
2019	3	31	223.77
2019	4	1	224.02
2019	4	2	225.06
2019	4	3	225.48
2019	4	4	225.45
2019	4	5	225.18
2019	4	6	225.07
2019	4	7	224.99
2019	4	8	225.09
2019	4	9	225.33
2019	4	10	226.2
2019	4	11	226.58
2019	4	12	226.68
2019	4	13	226.64
2019	4	14	226.17
2019	4	15	225.85
2019	4	16	225.46
2019	4	17	224.94
2019	4	18	224.81
2019	4	19	224.74
2019	4	20	224.75
2019	4	21	224.81
2019	4	22	224.99
2019	4	23	224.91
2019	4	24	225.04
2019	4	25	225.05
2019	4	26	225.06
2019	4	27	225.18
2019	4	28	225.33
2019	4	29	225.46
2019	4	30	225.51
2019	5	1	225.6
2019	5	2	225.81
2019	5	3	226
2019	5	4	226.14
2019	5	5	226.14
2019	5	6	226.14
2019	5	7	226.17
2019	5	8	226.21
2019	5	9	226.22
2019	5	10	226.25
2019	5	11	226.26
2019	5	12	226.24
2019	5	13	226.27
2019	5	14	226.24
2019	5	15	226.31
2019	5	16	226.47
2019	5	17	226.75
2019	5	18	226.95
2019	5	19	226.7
2019	5	20	226.44
2019	5	21	226.17
2019	5	22	225.83
2019	5	23	225.81
2019	5	24	225.84
2019	5	25	225.89
2019	5	26	225.92
2019	5	27	226.01
2019	5	28	226.14
2019	5	29	226.3
2019	5	30	226.49
2019	5	31	226.65
2019	6	1	226.88
2019	6	2	226.94
2019	6	3	227.05
2019	6	4	227.19
2019	6	5	227.313
2019	6	6	227.46
2019	6	7	227.58
2019	6	8	227.7
2019	6	9	227.68
2019	6	10	227.67
2019	6	11	227.58
2019	6	12	227.59
2019	6	13	227.54
2019	6	14	227.52
2019	6	15	227.54
2019	6	16	227.83
2019	6	17	227.44
2019	6	18	227.34
2019	6	19	227.29
2019	6	20	227.12
2019	6	21	226.92
2019	6	22	226.89
2019	6	23	226.86
2019	6	24	226.9
2019	6	25	226.8
2019	6	26	226.85
2019	6	27	226.84
2019	6	28	226.89
2019	6	29	226.97
2019	6	30	226.88
2019	7	1	226.92
2019	7	2	226.87
2019	7	3	226.86
2019	7	4	227
2019	7	5	227.02
2019	7	6	226.98
2019	7	7	227.09
2019	7	8	227.16
2019	7	9	227.16
2019	7	10	227.15
2019	7	11	227.23
2019	7	12	227.22
2019	7	13	227.28
2019	7	14	227.29
2019	7	15	227.36
2019	7	16	227.36
2019	7	17	227.33
2019	7	18	227.46
2019	7	19	227.37
2019	7	20	227.39
2019	7	21	227.38
2019	7	22	227.55
2019	7	23	227.55
2019	7	24	227.52
2019	7	25	227.53
2019	7	26	227.52
2019	7	27	227.5
2019	7	28	227.51
2019	7	29	227.5
2019	7	30	227.49
2019	7	31	227.47
2019	8	1	227.5
2019	8	2	227.52
2019	8	3	227.52
2019	8	4	227.56
2019	8	5	227.54
2019	8	6	227.52
2019	8	7	227.5
2019	8	8	227.55
2019	8	9	227.47
2019	8	10	227.47
2019	8	11	227.66
2019	8	12	227.84
2019	8	13	228.17
2019	8	14	228.2
2019	8	15	228.44
2019	8	16	228.68
2019	8	17	228.93
2019	8	18	229.21
2019	8	19	229.37
2019	8	20	229.56
2019	8	21	229.72
2019	8	22	229.96
2019	8	23	230
2019	8	24	230.1
2019	8	25	230.19
2019	8	26	230.18
2019	8	27	230.25
2019	8	28	230.21
2019	8	29	230.23
2019	8	30	229.97
2019	8	31	229.76
2019	9	1	229.45
2019	9	2	229.08
2019	9	3	228.75
2019	9	4	228.41
2019	9	5	228.1
2019	9	6	227.73
2019	9	7	227.33
2019	9	8	226.97
2019	9	9	226.51
2019	9	10	226.05
2019	9	11	225.65
2019	9	12	225.3
2019	9	13	224.94
2019	9	14	224.57
2019	9	15	224.27
2019	9	16	223.92
2019	9	17	223.62
2019	9	18	223.35
2019	9	19	223.01
2019	9	20	222.63
2019	9	21	222.37
2019	9	22	222.03
2019	9	23	221.62
2019	9	24	221.19
2019	9	25	220.77
2019	9	26	220.34
2019	9	27	219.92
2019	9	28	219.65
2019	9	29	219.4
2019	9	30	219.12
2019	10	1	218.82
2019	10	2	218.56
2019	10	3	218.23
2019	10	4	217.93
2019	10	5	217.62
2019	10	6	217.28
2019	10	7	217.03
2019	10	8	216.86
2019	10	9	216.66
2019	10	10	216.42
2019	10	11	216.12
2019	10	12	215.96
2019	10	13	215.72
2019	10	14	215.5
2019	10	15	215.3
2019	10	16	215.16
2019	10	17	214.88
2019	10	18	214.56
2019	10	19	214.34
2019	10	20	214.04
2019	10	21	213.8
2019	10	22	213.56
2019	10	23	213.24
2019	10	24	213.03
2019	10	25	212.75
2019	10	26	212.56
2019	10	27	212.26
2019	10	28	212.04
2019	10	29	211.92
2019	10	30	211.82
2019	10	31	211.77
2019	11	1	211.76
2019	11	2	211.65
2019	11	3	211.5
2019	11	4	211.37
2019	11	5	211.22
2019	11	6	211.16
2019	11	7	211.01
2019	11	8	210.86
2019	11	9	210.69
2019	11	10	210.65
2019	11	11	210.52
2019	11	12	210.4
2019	11	13	210.22
2019	11	14	210.07
2019	11	15	210.08
2019	11	16	209.92
2019	11	17	209.93
2019	11	18	210.04
2019	11	19	210
2019	11	20	209.95
2019	11	21	210
2019	11	22	209.9
2019	11	23	209.88
2019	11	24	209.76
2019	11	25	209.73
2019	11	26	209.62
2019	11	27	209.5
2019	11	28	209.46
2019	11	29	209.42
2019	11	30	209.37
2019	12	1	209.31
2019	12	2	209.35
2019	12	3	209.53
2019	12	4	209.7
2019	12	5	209.73
2019	12	6	209.82
2019	12	7	210.04
2019	12	8	210.4
2019	12	9	210.36
2019	12	10	210.35
2019	12	11	210.35
2019	12	12	210.4
2019	12	13	210.42
2019	12	14	210.41
2019	12	15	210.43
2019	12	16	210.52
2019	12	17	210.61
2019	12	18	210.62
2019	12	19	210.65
2019	12	20	210.6
2019	12	21	210.62
2019	12	22	210.6
2019	12	23	210.5
2019	12	24	210.44
2019	12	25	210.4
2019	12	26	210.24
2019	12	27	210.15
2019	12	28	209.99
2019	12	29	209.93
2019	12	30	209.74
2019	12	31	209.7
2020	1	1	209.55
2020	1	2	209.44
2020	1	3	209.3
2020	1	4	209.19
2020	1	5	209.05
2020	1	6	208.91
2020	1	7	208.83
2020	1	8	208.81
2020	1	9	208.74
2020	1	10	208.7
2020	1	11	208.62
2020	1	12	208.5
2020	1	13	208.4
2020	1	14	208.35
2020	1	15	208.27
2020	1	16	208.13
2020	1	17	208.02
2020	1	18	208
2020	1	19	208.04
2020	1	20	208.02
2020	1	21	208.1
2020	1	22	208.33
2020	1	23	208.54
2020	1	24	208.72
2020	1	25	208.83
2020	1	26	209.05
2020	1	27	209.12
2020	1	28	209.26
2020	1	29	209.43
2020	1	30	209.54
2020	1	31	209.63
2020	2	1	209.8
2020	2	2	209.98
2020	2	3	210.02
2020	2	4	210.13
2020	2	5	210.21
2020	2	6	210.41
2020	2	7	210.5
2020	2	8	210.55
2020	2	9	210.66
2020	2	10	210.62
2020	2	11	210.67
2020	2	12	210.74
2020	2	13	210.79
2020	2	14	210.84
2020	2	15	210.91
2020	2	16	211.17
2020	2	17	211.23
2020	2	18	211.24
2020	2	19	211.24
2020	2	20	211.52
2020	2	21	211.58
2020	2	22	211.54
2020	2	23	211.6
2020	2	24	211.85
2020	2	25	212.57
2020	2	26	213.63
2020	2	27	214.1
2020	2	28	214.43
2020	2	29	214.56
2020	3	1	214.77
2020	3	2	214.9
2020	3	3	215.02
2020	3	4	215.17
2020	3	5	215.25
2020	3	6	215.53
2020	3	7	215.41
2020	3	8	215.48
2020	3	9	215.52
2020	3	10	215.6
2020	3	11	215.64
2020	3	12	215.75
2020	3	13	215.7
2020	3	14	215.7
2020	3	15	215.85
2020	3	16	215.93
2020	3	17	215.93
2020	3	18	215.92
2020	3	19	216.01
2020	3	20	216.01
2020	3	21	216.01
2020	3	22	216.14
2020	3	23	216.16
2020	3	24	216.18
2020	3	25	216.24
2020	3	26	216.3
2020	3	27	216.33
2020	3	28	216.31
2020	3	29	216.85
2020	3	30	216.92
2020	3	31	216.97
2020	4	1	217.03
2020	4	2	217.1
2020	4	3	217.16
2020	4	4	217.2
2020	4	5	217.23
2020	4	6	217.27
2020	4	7	217.31
2020	4	8	217.32
2020	4	9	217.52
2020	4	10	217.81
2020	4	11	218.26
2020	4	12	218.58
2020	4	13	218.9
2020	4	14	219.22
2020	4	15	219.46
2020	4	16	219.75
2020	4	17	220.01
2020	4	18	220.35
2020	4	19	220.62
2020	4	20	220.86
2020	4	21	221.03
2020	4	22	221.28
2020	4	23	221.52
2020	4	24	221.72
2020	4	25	221.95
2020	4	26	222.18
2020	4	27	222.28
2020	4	28	222.33
2020	4	29	222.39
2020	4	30	222.44
2020	5	1	222.48
2020	5	2	222.51
2020	5	3	222.54
2020	5	4	222.53
2020	5	5	222.55
2020	5	6	222.52
2020	5	7	222.45
2020	5	8	222.34
2020	5	9	222.22
2020	5	10	222.21
2020	5	11	222.09
2020	5	12	222
2020	5	13	221.89
2020	5	14	221.82
2020	5	15	221.66
2020	5	16	221.56
2020	5	17	221.43
2020	5	18	221.3
2020	5	19	221.16
2020	5	20	221.01
2020	5	21	221
2020	5	22	220.95
2020	5	23	221.14
2020	5	24	221.07
2020	5	25	221.17
2020	5	26	221.2
2020	5	27	221.19
2020	5	28	221.26
2020	5	29	221.43
2020	5	30	221.56
2020	5	31	221.72
2020	6	1	221.96
2020	6	2	222.17
2020	6	3	222.42
2020	6	4	222.58
2020	6	5	222.58
2020	6	6	222.61
2020	6	7	222.58
2020	6	8	222.59
2020	6	9	222.6
2020	6	10	222.7
2020	6	11	222.75
2020	6	12	222.77
2020	6	13	222.97
2020	6	14	223.19
2020	6	15	223.42
2020	6	16	223.75
2020	6	17	223.91
2020	6	18	223.96
2020	6	19	224.14
2020	6	20	224.45
2020	6	21	224.6
2020	6	22	224.62
2020	6	23	224.69
2020	6	24	224.87
2020	6	25	225.04
2020	6	26	224.98
2020	6	27	225.02
2020	6	28	224.96
2020	6	29	224.73
2020	6	30	224.56
2020	7	1	224.5
2020	7	2	224.37
2020	7	3	224.09
2020	7	4	224.08
2020	7	5	224.06
2020	7	6	224.06
2020	7	7	224.26
2020	7	8	224.28
2020	7	9	224.27
2020	7	10	224.13
2020	7	11	224.2
2020	7	12	224.26
2020	7	13	224.34
2020	7	14	224.39
2020	7	15	224.36
2020	7	16	224.18
2020	7	17	223.94
2020	7	18	224.23
2020	7	19	224.46
2020	7	20	224.73
2020	7	21	224.98
2020	7	22	225.1
2020	7	23	225.18
2020	7	24	225.07
2020	7	25	225.3
2020	7	26	225.67
2020	7	27	226.03
2020	7	28	226.35
2020	7	29	226.74
2020	7	30	227.02
2020	7	31	227
2020	8	1	227.09
2020	8	2	227.31
2020	8	3	227.58
2020	8	4	227.8
2020	8	5	227.79
2020	8	6	227.83
2020	8	7	227.61
2020	8	8	227.49
2020	8	9	227.64
2020	8	10	227.83
2020	8	11	227.97
2020	8	12	228.22
2020	8	13	228.38
2020	8	14	228.29
2020	8	15	228.5
2020	8	16	228.58
2020	8	17	228.67
2020	8	18	228.69
2020	8	19	228.86
2020	8	20	228.82
2020	8	21	228.58
2020	8	22	228.8
2020	8	23	228.92
2020	8	24	228.86
2020	8	25	228.56
2020	8	26	228.25
2020	8	27	228.16
2020	8	28	227.88
2020	8	29	227.55
2020	8	30	227.26
2020	8	31	227.08
2020	9	1	226.89
2020	9	2	226.73
2020	9	3	226.56
2020	9	4	226.22
2020	9	5	226.1
2020	9	6	226.16
2020	9	7	226.3
2020	9	8	226.41
2020	9	9	226.45
2020	9	10	226.48
2020	9	11	226.12
2020	9	12	226.09
2020	9	13	226.18
2020	9	14	226.06
2020	9	15	225.89
2020	9	16	225.79
2020	9	17	225.55
2020	9	18	225.12
2020	9	19	224.94
2020	9	20	224.6
2020	9	21	224.34
2020	9	22	224.37
2020	9	23	224.35
2020	9	24	224.28
2020	9	25	223.91
2020	9	26	223.9
2020	9	27	223.79
2020	9	28	223.55
2020	9	29	223.19
2020	9	30	223.1
2020	10	1	222.86
2020	10	2	222.6
2020	10	3	222.42
2020	10	4	222.09
2020	10	5	221.86
2020	10	6	221.69
2020	10	7	221.39
2020	10	8	221.07
2020	10	9	220.72
2020	10	10	220.42
2020	10	11	220.11
2020	10	12	219.84
2020	10	13	219.54
2020	10	14	219.24
2020	10	15	218.98
2020	10	16	218.76
2020	10	17	218.49
2020	10	18	218.23
2020	10	19	217.97
2020	10	20	217.64
2020	10	21	217.32
2020	10	22	217.1
2020	10	23	216.88
2020	10	24	216.62
2020	10	25	216.31
2020	10	26	216.02
2020	10	27	215.77
2020	10	28	215.56
2020	10	29	215.25
2020	10	30	215.06
2020	10	31	214.79
2020	11	1	214.57
2020	11	2	214.38
2020	11	3	214.14
2020	11	4	213.95
2020	11	5	213.69
2020	11	6	213.48
2020	11	7	213.19
2020	11	8	212.93
2020	11	9	212.7
2020	11	10	212.48
2020	11	11	212.35
2020	11	12	212.21
2020	11	13	212.03
2020	11	14	211.93
2020	11	15	211.83
2020	11	16	211.69
2020	11	17	211.64
2020	11	18	211.49
2020	11	19	211.38
2020	11	20	211.32
2020	11	21	211.65
2020	11	22	212.29
2020	11	23	212.26
2020	11	24	212.16
2020	11	25	212.04
2020	11	26	212.04
2020	11	27	211.95
2020	11	28	211.84
2020	11	29	211.86
2020	11	30	211.98
2020	12	1	211.88
2020	12	2	211.78
2020	12	3	211.72
2020	12	4	211.6
2020	12	5	211.5
2020	12	6	211.45
2020	12	7	211.43
2020	12	8	211.34
2020	12	9	211.32
2020	12	10	211.21
2020	12	11	211.43
2020	12	12	211.15
2020	12	13	211.11
2020	12	14	211.1
2020	12	15	211.08
2020	12	16	211.14
2020	12	17	211.42
2020	12	18	211.65
2020	12	19	211.82
2020	12	20	211.87
2020	12	21	211.9
2020	12	22	211.94
2020	12	23	212.05
2020	12	24	212.4
2020	12	25	212.58
2020	12	26	212.88
2020	12	27	213
2020	12	28	213.2
2020	12	29	213.44
2020	12	30	213.7
2020	12	31	213.88
2021	1	1	214.15
2021	1	2	214.4
2021	1	3	214.62
2021	1	4	214.88
2021	1	5	214.9
2021	1	6	215.05
2021	1	7	215.21
2021	1	8	215.2
2021	1	9	215.42
2021	1	10	215.52
2021	1	11	215.86
2021	1	12	216.24
2021	1	13	216.48
2021	1	14	216.53
2021	1	15	216.4
2021	1	16	216.49
2021	1	17	216.38
2021	1	18	216.3
2021	1	19	216.33
2021	1	20	216.17
2021	1	21	216.1
2021	1	22	216.04
2021	1	23	215.95
2021	1	24	215.86
2021	1	25	215.87
2021	1	26	215.77
2021	1	27	215.82
2021	1	28	215.82
2021	1	29	215.89
2021	1	30	215.93
2021	1	31	215.88
2021	2	1	215.85
2021	2	2	215.83
2021	2	3	215.79
2021	2	4	215.76
2021	2	5	215.61
2021	2	6	215.67
2021	2	7	215.7
2021	2	8	215.69
2021	2	9	215.68
2021	2	10	215.62
2021	2	11	215.54
2021	2	12	215.41
2021	2	13	215.05
2021	2	14	215.05
2021	2	15	214.84
2021	2	16	214.82
2021	2	17	214.54
2021	2	18	214.42
2021	2	19	214.5
2021	2	20	214.38
2021	2	21	214.35
2021	2	22	214.54
2021	2	23	214.63
2021	2	24	214.57
2021	2	25	214.42
2021	2	26	214.24
2021	2	27	214.24
2021	2	28	214.15
2021	3	1	213.95
2021	3	2	213.76
2021	3	3	213.62
2021	3	4	213.42
2021	3	5	213.23

